3 3
25 23 25
18 17 15
30 30 31
--
564
103
987
----
1 1
8
--
2 SOLUTIONS
----
1 1
9
--
8
----
1 1
0
--
1
----
1 1
10
--
9
----
3 3
1 1 1
1 2 1
1 1 1
--
0 SOLUTIONS
----
3 3
17 18 21
23 25 27
29 31 33
--
123
456
789
----
1 2
1 1
--
0 SOLUTIONS
----
1 8
0 0 0 0 0 0 0 1
--
00000000
----
1 2
18 19
--
99
----
2 2
0 0
0 1
--
00
00
----
1 1
5
--
2 SOLUTIONS
----
1 1
100
--
0 SOLUTIONS
----
4 4
3 5 3 7
4 4 4 6
5 5 6 8
6 7 5 7
--
1010
0101
1201
0013
----
4 4
3 5 3 7
4 4 4 6
5 5 6 8
6 7 5 5
--
1010
0101
1201
0013
----
4 4
3 5 3 7
4 4 4 6
5 5 5 8
6 7 5 6
--
1010
0101
1201
0013
----
3 3
17 19 21
23 25 27
29 31 32
--
123
456
789
----
3 3
17 19 21
23 25 27
29 31 34
--
123
456
789
----
4 5
2 1 1 1 3
3 1 1 1 2
2 1 1 1 3
3 1 1 1 3
--
10000
00001
10000
00001
----
4 5
2 1 1 1 3
3 1 1 1 2
2 1 1 1 3
3 1 1 1 1
--
10000
00001
10000
00001
----
5 4
2 1 1 1
2 0 0 0
2 1 1 1
2 0 0 0
2 0 0 1
--
1000
0000
1000
0000
0000
----
5 4
0 0 0 0
0 0 0 0
0 1 0 0
0 0 0 0
0 0 0 0
--
0000
0000
0000
0000
0000
----
5 4
0 0 0 0
0 0 0 0
0 0 0 0
0 1 0 0
0 0 0 0
--
0000
0000
0000
0000
0000
----
